30,27,0,20;5,0,1;5,0,1;5,0,1;5,0,1;
30,23,20,19;4,5,1;5,5,1;5,5,1;5,5,1;
34,27,25,15;3,5,1;1,5,1;5,5,1;4,5,1;2,5,1;
40,20,25,1;0,5,1;-1,5,1;0,5,1;0,5,1;1,5,1;
49,24,25,22;-5,5,1;-5,5,1;-4,5,1;-3,5,1;-5,5,1;
45,24,25,12;-2,5,1;-3,5,1;-3,5,1;-1,5,1;-3,5,1;
51,34,13,20;-5,5,1;-5,3,1;-5,2,1;-5,3,1;
54,38,3,25;-5,1,1;-5,-2,1;-5,0,1;-5,-1,1;-5,0,1;
54,54,20,24;-5,-5,1;-5,-3,1;-5,-4,1;-5,-4,1;-4,-4,1;
46,62,25,11;-1,-5,1;-3,-5,1;-2,-5,1;-3,-5,1;-2,-5,1;
37,52,20,1;0,-5,1;0,-5,1;0,-5,1;-1,-5,1;
29,56,25,19;5,-5,1;5,-5,1;4,-5,1;3,-5,1;2,-5,1;
29,50,13,21;4,-3,1;3,-2,1;5,-3,1;4,-2,1;5,-3,1;
26,43,16,25;5,1,1;5,5,1;5,2,1;5,4,1;5,4,1;
33,33,23,17;5,5,1;5,5,1;4,5,1;3,5,1;-1,3,1;
27,46,14,38;5,-5,1;4,-3,1;5,-1,1;5,0,1;3,2,1;4,3,1;5,3,1;3,2,1;4,4,1;
38,23,35,17;5,4,1;5,4,1;3,5,1;0,5,1;-2,5,1;-5,5,1;-5,5,1;-5,2,1;
39,25,32,33;-5,5,1;-4,5,1;3,5,1;3,5,1;2,5,1;5,0,1;3,0,1;2,0,1;5,4,1;5,2,1;5,1,1;
28,28,11,31;5,5,1;5,3,1;5,0,1;5,-1,1;4,-3,1;4,-3,1;3,-4,1;
25,44,17,35;2,-4,1;5,-4,1;5,-2,1;5,0,1;5,3,1;5,5,1;5,4,1;3,5,1;
32,22,30,2;2,5,1;0,5,1;0,5,1;0,5,1;0,5,1;0,5,1;
33,29,26,18;2,-3,1;2,-1,1;5,1,1;4,5,1;-1,5,1;-3,3,1;-5,5,1;-5,5,1;3,2,1;5,0,1;5,0,1;5,-2,1;
25,23,36,19;2,-2,1;5,-2,1;5,4,1;5,5,1;-2,4,1;-3,1,1;-3,1,1;-3,1,1;-3,0,1;2,1,1;4,3,1;4,3,1;3,5,1;1,5,1;-5,3,1;-4,0,1;-5,0,1;-5,-1,1;
32,22,31,14;-1,4,1;-4,5,1;-2,5,1;1,2,1;5,0,1;5,0,1;3,0,1;0,-3,1;-1,-5,1;0,-5,1;0,5,0;0,5,0;0,3,0;0,5,1;0,5,1;0,5,1;
44,24,29,17;-4,-1,1;-4,0,1;-3,0,1;-2,0,1;-1,1,1;0,5,1;0,5,1;3,2,1;4,0,1;3,0,1;4,4,1;2,2,1;0,4,1;-2,4,1;-5,2,1;-3,0,1;-5,0,1;-2,0,1;
41,23,29,22;-1,0,1;-5,1,1;-5,3,1;-3,5,1;0,5,1;1,5,1;3,5,1;5,5,1;4,0,1;4,-1,1;2,-2,1;3,-5,1;0,-5,1;-3,-4,1;-5,-1,1;-5,0,1;-3,2,1;-5,5,1;-1,3,1;
30,26,32,20;4,0,1;5,0,1;5,1,1;4,0,1;0,1,1;-5,5,1;-4,5,1;-4,5,1;-3,5,1;-2,5,1;-1,5,1;-1,-5,0;2,-5,0;2,-5,0;2,-5,0;4,1,1;3,1,1;4,1,1;2,1,1;
32,23,43,25;3,-3,1;5,2,1;5,4,1;3,4,1;-1,4,1;-3,4,1;-5,4,1;-5,3,1;-5,4,1;-5,4,1;-1,4,1;1,3,1;4,3,1;5,0,1;5,-1,1;3,-2,1;3,-5,1;0,-3,1;0,-3,1;-3,-3,1;-3,-2,1;-3,-4,1;-2,-5,1;-1,-3,1;-2,-5,1;0,-4,1;-1,-1,1;
50,22,47,25;-4,-3,1;-5,-1,1;-5,2,1;-5,5,1;-3,5,1;3,5,1;3,5,1;4,1,1;3,0,1;2,0,1;5,-3,1;2,-3,1;0,-5,1;-1,-5,1;0,-4,1;0,0,0;0,5,0;0,5,0;0,5,0;0,5,1;-1,5,1;1,5,1;-1,5,1;-2,5,1;-3,4,1;-3,0,1;-4,-1,1;-4,-1,1;-4,-4,1;-3,-3,1;
36,16,38,27;-2,0,1;-5,4,1;-2,5,1;0,5,1;0,5,1;0,4,1;2,5,1;4,4,1;3,3,1;4,2,1;5,0,1;4,0,1;3,-4,1;2,-5,1;0,-5,1;-1,-5,1;-2,-5,1;-2,-5,1;-3,-4,1;-3,-2,1;-3,-2,1;-3,-1,1;-1,0,1;
27,37,30,29;5,1,1;5,0,1;5,0,1;5,0,1;5,0,1;4,0,0;-5,-5,0;-5,-5,0;-5,-5,0;0,5,1;0,5,1;0,5,1;0,5,1;0,5,1;0,5,1;
29,29,15,36;5,0,1;5,0,1;5,0,1;5,0,1;5,0,1;0,5,0;0,5,0;-1,5,0;-5,0,1;-5,0,1;-5,-2,1;-5,0,1;-5,0,1;-5,0,1;-5,0,1;
39,25,23,30;0,0,1;-5,5,0;-5,5,0;5,0,1;5,0,1;5,0,1;5,0,1;4,0,1;4,0,1;2,0,1;-5,5,0;-5,5,0;-5,-1,0;-1,0,1;-2,1,1;-1,2,1;1,1,1;3,0,1;1,-2,1;0,-1,1;-1,-1,1;
56,21,29,29;-5,5,1;-5,5,1;-5,5,1;-5,5,1;-5,5,1;-4,4,1;1,-5,0;5,-5,0;5,-5,0;1,-3,1;-2,-2,1;-1,0,1;-2,2,1;0,2,1;3,0,1;4,4,0;4,3,0;-1,1,1;-1,3,1;0,3,1;1,0,1;2,1,1;3,-2,1;1,-2,1;-1,-5,1;-5,0,1;
51,22,30,25;-5,-1,1;-5,-1,1;-5,5,1;-3,4,1;4,5,1;5,1,1;5,5,1;5,5,1;-5,3,1;-5,2,1;-5,0,1;-5,-2,1;-5,-2,1;
